V 54
K 1
D 0 -1524000 3048000 0
Y 1
U 2667000 762000 254000 0 2 3 REFDES=IC?
U 2667000 508000 254000 0 2 3 DEVICE=MCP41HV51-503E_ST
U 2667000 254000 254000 0 2 0 PKG_TYPE=SOP65P640X120-14N
U 2667000 0 254000 0 2 0 Description=MCP41HV51-503E/ST, Digital Potentiometer 50k 256-Position Serial-SPI 14-Pin TSSOP
U 2667000 -254000 254000 0 2 0 Datasheet Link=http://ww1.microchip.com/downloads/en/devicedoc/20005207b.pdf
U 2667000 -508000 254000 0 2 0 Height=1.2
U 2667000 -762000 254000 0 2 0 Mouser Part Number=579-MCP41HV51-503EST
U 2667000 -1016000 254000 0 2 0 Mouser Price/Stock=https://www.mouser.co.uk/ProductDetail/Microchip-Technology/MCP41HV51-503E-ST?qs=zOnbk8%2FsRx4ZUpOx9fi55g%3D%3D
U 2667000 -1270000 254000 0 2 0 Manufacturer_Name=Microchip
U 2667000 -1524000 254000 0 2 0 Manufacturer_Part_Number=MCP41HV51-503E/ST
U 0 0 254000 0 1 0 FORWARD_PCB=1
l 5 508000 254000 2540000 254000 2540000 -1778000 508000 -1778000 508000 254000
|GRPHSTL -1 -1 -1 1
P 1 0 0 508000 0 0 2 0
L 584200 0 228600 0 2 0 1 0 VL
A 355600 50800 203200 0 9 3 #=1
A 0 0 9 0 3 0 PINTYPE=BI
P 2 0 -254000 508000 -254000 0 2 0
L 584200 -254000 228600 0 2 0 1 0 SCK
A 355600 -203200 203200 0 9 3 #=2
A 0 0 9 0 3 0 PINTYPE=BI
P 3 0 -508000 508000 -508000 0 2 0
L 584200 -508000 228600 0 2 0 1 0 ~CS
A 355600 -457200 203200 0 9 3 #=3
A 0 0 9 0 3 0 PINTYPE=BI
P 4 0 -762000 508000 -762000 0 2 0
L 584200 -762000 228600 0 2 0 1 0 SDI
A 355600 -711200 203200 0 9 3 #=4
A 0 0 9 0 3 0 PINTYPE=BI
P 5 0 -1016000 508000 -1016000 0 2 0
L 584200 -1016000 228600 0 2 0 1 0 SDO
A 355600 -965200 203200 0 9 3 #=5
A 0 0 9 0 3 0 PINTYPE=BI
P 6 0 -1270000 508000 -1270000 0 2 0
L 584200 -1270000 228600 0 2 0 1 0 ~WLAT
A 355600 -1219200 203200 0 9 3 #=6
A 0 0 9 0 3 0 PINTYPE=BI
P 7 0 -1524000 508000 -1524000 0 2 0
L 584200 -1524000 228600 0 2 0 1 0 ~SHDN
A 355600 -1473200 203200 0 9 3 #=7
A 0 0 9 0 3 0 PINTYPE=BI
P 8 3048000 0 2540000 0 0 3 0
L 2463800 0 228600 0 8 0 1 0 V+
A 2692400 50800 203200 0 3 3 #=14
A 0 0 9 0 3 0 PINTYPE=BI
P 9 3048000 -254000 2540000 -254000 0 3 0
L 2463800 -254000 228600 0 8 0 1 0 P0A
A 2692400 -203200 203200 0 3 3 #=13
A 0 0 9 0 3 0 PINTYPE=BI
P 10 3048000 -508000 2540000 -508000 0 3 0
L 2463800 -508000 228600 0 8 0 1 0 P0W
A 2692400 -457200 203200 0 3 3 #=12
A 0 0 9 0 3 0 PINTYPE=BI
P 11 3048000 -762000 2540000 -762000 0 3 0
L 2463800 -762000 228600 0 8 0 1 0 P0B
A 2692400 -711200 203200 0 3 3 #=11
A 0 0 9 0 3 0 PINTYPE=BI
P 12 3048000 -1016000 2540000 -1016000 0 3 0
L 2463800 -1016000 228600 0 8 0 1 0 V-
A 2692400 -965200 203200 0 3 3 #=10
A 0 0 9 0 3 0 PINTYPE=BI
P 13 3048000 -1270000 2540000 -1270000 0 3 0
L 2463800 -1270000 228600 0 8 0 1 0 DGND
A 2692400 -1219200 203200 0 3 3 #=9
A 0 0 9 0 3 0 PINTYPE=BI
P 14 3048000 -1524000 2540000 -1524000 0 3 0
L 2463800 -1524000 228600 0 8 0 1 0 NC
A 2692400 -1473200 203200 0 3 3 #=8
A 0 0 9 0 3 0 PINTYPE=BI
E
