V 54
K 1
D 0 -1778000 2794000 0
Y 1
U 2413000 762000 254000 0 2 3 REFDES=IC?
U 2413000 508000 254000 0 2 3 DEVICE=74HC595D_BJ_
U 2413000 254000 254000 0 2 0 PKG_TYPE=SOIC127P600X175-16N
U 2413000 0 254000 0 2 0 Description=Logic Gates CMOS 8-Bit Shift Register/Latch
U 2413000 -254000 254000 0 2 0 Datasheet Link=https://componentsearchengine.com/Datasheets/1/74HC595D(BJ).pdf
U 2413000 -508000 254000 0 2 0 Height=1.75
U 2413000 -762000 254000 0 2 0 Mouser Part Number=757-74HC595DBJ
U 2413000 -1016000 254000 0 2 0 Mouser Price/Stock=https://www.mouser.co.uk/ProductDetail/Toshiba/74HC595DBJ?qs=T%2FywbITssnTkqd02WdSNRg%3D%3D
U 2413000 -1270000 254000 0 2 0 Manufacturer_Name=Toshiba
U 2413000 -1524000 254000 0 2 0 Manufacturer_Part_Number=74HC595D(BJ)
U 0 0 254000 0 1 0 FORWARD_PCB=1
l 5 508000 254000 2286000 254000 2286000 -2032000 508000 -2032000 508000 254000
|GRPHSTL -1 -1 -1 1
P 1 0 0 508000 0 0 2 0
L 584200 0 228600 0 2 0 1 0 QB
A 355600 50800 203200 0 9 3 #=1
A 0 0 9 0 3 0 PINTYPE=BI
P 2 0 -254000 508000 -254000 0 2 0
L 584200 -254000 228600 0 2 0 1 0 QC
A 355600 -203200 203200 0 9 3 #=2
A 0 0 9 0 3 0 PINTYPE=BI
P 3 0 -508000 508000 -508000 0 2 0
L 584200 -508000 228600 0 2 0 1 0 QD
A 355600 -457200 203200 0 9 3 #=3
A 0 0 9 0 3 0 PINTYPE=BI
P 4 0 -762000 508000 -762000 0 2 0
L 584200 -762000 228600 0 2 0 1 0 QE
A 355600 -711200 203200 0 9 3 #=4
A 0 0 9 0 3 0 PINTYPE=BI
P 5 0 -1016000 508000 -1016000 0 2 0
L 584200 -1016000 228600 0 2 0 1 0 QF
A 355600 -965200 203200 0 9 3 #=5
A 0 0 9 0 3 0 PINTYPE=BI
P 6 0 -1270000 508000 -1270000 0 2 0
L 584200 -1270000 228600 0 2 0 1 0 QG
A 355600 -1219200 203200 0 9 3 #=6
A 0 0 9 0 3 0 PINTYPE=BI
P 7 0 -1524000 508000 -1524000 0 2 0
L 584200 -1524000 228600 0 2 0 1 0 QH
A 355600 -1473200 203200 0 9 3 #=7
A 0 0 9 0 3 0 PINTYPE=BI
P 8 0 -1778000 508000 -1778000 0 2 0
L 584200 -1778000 228600 0 2 0 1 0 GND
A 355600 -1727200 203200 0 9 3 #=8
A 0 0 9 0 3 0 PINTYPE=BI
P 9 2794000 0 2286000 0 0 3 0
L 2209800 0 228600 0 8 0 1 0 VCC
A 2438400 50800 203200 0 3 3 #=16
A 0 0 9 0 3 0 PINTYPE=BI
P 10 2794000 -254000 2286000 -254000 0 3 0
L 2209800 -254000 228600 0 8 0 1 0 QA
A 2438400 -203200 203200 0 3 3 #=15
A 0 0 9 0 3 0 PINTYPE=BI
P 11 2794000 -508000 2286000 -508000 0 3 0
L 2209800 -508000 228600 0 8 0 1 0 SI
A 2438400 -457200 203200 0 3 3 #=14
A 0 0 9 0 3 0 PINTYPE=BI
P 12 2794000 -762000 2286000 -762000 0 3 0
L 2209800 -762000 228600 0 8 0 1 0 ~G
A 2438400 -711200 203200 0 3 3 #=13
A 0 0 9 0 3 0 PINTYPE=BI
P 13 2794000 -1016000 2286000 -1016000 0 3 0
L 2209800 -1016000 228600 0 8 0 1 0 RCK
A 2438400 -965200 203200 0 3 3 #=12
A 0 0 9 0 3 0 PINTYPE=BI
P 14 2794000 -1270000 2286000 -1270000 0 3 0
L 2209800 -1270000 228600 0 8 0 1 0 SCK
A 2438400 -1219200 203200 0 3 3 #=11
A 0 0 9 0 3 0 PINTYPE=BI
P 15 2794000 -1524000 2286000 -1524000 0 3 0
L 2209800 -1524000 228600 0 8 0 1 0 ~SCLR
A 2438400 -1473200 203200 0 3 3 #=10
A 0 0 9 0 3 0 PINTYPE=BI
P 16 2794000 -1778000 2286000 -1778000 0 3 0
L 2209800 -1778000 228600 0 8 0 1 0 QH'
A 2438400 -1727200 203200 0 3 3 #=9
A 0 0 9 0 3 0 PINTYPE=BI
E
